109
NULL 0 Common 0
Joined 7 0,255,0,255,0,0,0,0,0,0 Latin 1 0 1 Joined	# Joined [4a 6f 69 6e 65 64 ]a
|Broken|0|1 f 0,255,0,255,0,0,0,0,0,0 Common 2 10 2 |Broken|0|1	# Broken
3 8 0,255,0,255,0,0,0,0,0,0 Common 3 2 3 3	# 3 [33 ]0
2 8 0,255,0,255,0,0,0,0,0,0 Common 4 2 4 2	# 2 [32 ]0
4 8 0,255,0,255,0,0,0,0,0,0 Common 5 2 5 4	# 4 [34 ]0
1 8 0,255,0,255,0,0,0,0,0,0 Common 6 2 6 1	# 1 [31 ]0
0 8 0,255,0,255,0,0,0,0,0,0 Common 7 2 7 0	# 0 [30 ]0
8 8 0,255,0,255,0,0,0,0,0,0 Common 8 2 8 8	# 8 [38 ]0
7 8 0,255,0,255,0,0,0,0,0,0 Common 9 2 9 7	# 7 [37 ]0
5 8 0,255,0,255,0,0,0,0,0,0 Common 10 2 10 5	# 5 [35 ]0
9 8 0,255,0,255,0,0,0,0,0,0 Common 11 2 11 9	# 9 [39 ]0
๒ 8 0,255,0,255,0,0,0,0,0,0 Thai 12 0 12 ๒	# ๒ [e52 ]0
6 8 0,255,0,255,0,0,0,0,0,0 Common 13 2 13 6	# 6 [36 ]0
. 10 0,255,0,255,0,0,0,0,0,0 Common 14 6 14 .	# . [2e ]p
๕ 8 0,255,0,255,0,0,0,0,0,0 Thai 15 0 15 ๕	# ๕ [e55 ]0
ไ 1 0,255,0,255,0,0,0,0,0,0 Thai 16 0 16 ไ	# ไ [e44 ]x
น 1 0,255,0,255,0,0,0,0,0,0 Thai 17 0 17 น	# น [e19 ]x
ึ 0 0,255,0,255,0,0,0,0,0,0 Thai 18 17 18 ึ	# ึ [e36 ]
ส 1 0,255,0,255,0,0,0,0,0,0 Thai 19 0 19 ส	# ส [e2a ]x
ุ 0 0,255,0,255,0,0,0,0,0,0 Thai 20 17 20 ุ	# ุ [e38 ]
ภ 1 0,255,0,255,0,0,0,0,0,0 Thai 21 0 21 ภ	# ภ [e20 ]x
ร 1 0,255,0,255,0,0,0,0,0,0 Thai 22 0 22 ร	# ร [e23 ]x
เ 1 0,255,0,255,0,0,0,0,0,0 Thai 23 0 23 เ	# เ [e40 ]x
ล 1 0,255,0,255,0,0,0,0,0,0 Thai 24 0 24 ล	# ล [e25 ]x
็ 0 0,255,0,255,0,0,0,0,0,0 Thai 25 17 25 ็	# ็ [e47 ]
๐ 8 0,255,0,255,0,0,0,0,0,0 Thai 26 0 26 ๐	# ๐ [e50 ]0
ิ 0 0,255,0,255,0,0,0,0,0,0 Thai 27 17 27 ิ	# ิ [e34 ]
พ 1 0,255,0,255,0,0,0,0,0,0 Thai 28 0 28 พ	# พ [e1e ]x
ั 0 0,255,0,255,0,0,0,0,0,0 Thai 29 17 29 ั	# ั [e31 ]
ท 1 0,255,0,255,0,0,0,0,0,0 Thai 30 0 30 ท	# ท [e17 ]x
ธ 1 0,255,0,255,0,0,0,0,0,0 Thai 31 0 31 ธ	# ธ [e18 ]x
ก 1 0,255,0,255,0,0,0,0,0,0 Thai 32 0 32 ก	# ก [e01 ]x
ศ 1 0,255,0,255,0,0,0,0,0,0 Thai 33 0 33 ศ	# ศ [e28 ]x
๑ 8 0,255,0,255,0,0,0,0,0,0 Thai 34 0 34 ๑	# ๑ [e51 ]0
๓ 8 0,255,0,255,0,0,0,0,0,0 Thai 35 0 35 ๓	# ๓ [e53 ]0
ป 1 0,255,0,255,0,0,0,0,0,0 Thai 36 0 36 ป	# ป [e1b ]x
โ 1 0,255,0,255,0,0,0,0,0,0 Thai 37 0 37 โ	# โ [e42 ]x
ย 1 0,255,0,255,0,0,0,0,0,0 Thai 38 0 38 ย	# ย [e22 ]x
า 1 0,255,0,255,0,0,0,0,0,0 Thai 39 0 39 า	# า [e32 ]x
ง 1 0,255,0,255,0,0,0,0,0,0 Thai 40 0 40 ง	# ง [e07 ]x
ข 1 0,255,0,255,0,0,0,0,0,0 Thai 41 0 41 ข	# ข [e02 ]x
ด 1 0,255,0,255,0,0,0,0,0,0 Thai 42 0 42 ด	# ด [e14 ]x
อ 1 0,255,0,255,0,0,0,0,0,0 Thai 43 0 43 อ	# อ [e2d ]x
ี 0 0,255,0,255,0,0,0,0,0,0 Thai 44 17 44 ี	# ี [e35 ]
ษ 1 0,255,0,255,0,0,0,0,0,0 Thai 45 0 45 ษ	# ษ [e29 ]x
ะ 1 0,255,0,255,0,0,0,0,0,0 Thai 46 0 46 ะ	# ะ [e30 ]x
ว 1 0,255,0,255,0,0,0,0,0,0 Thai 47 0 47 ว	# ว [e27 ]x
ผ 1 0,255,0,255,0,0,0,0,0,0 Thai 48 0 48 ผ	# ผ [e1c ]x
้ 0 0,255,0,255,0,0,0,0,0,0 Thai 49 17 49 ้	# ้ [e49 ]
ฐ 1 0,255,0,255,0,0,0,0,0,0 Thai 50 0 50 ฐ	# ฐ [e10 ]x
์ 0 0,255,0,255,0,0,0,0,0,0 Thai 51 17 51 ์	# ์ [e4c ]
ถ 1 0,255,0,255,0,0,0,0,0,0 Thai 52 0 52 ถ	# ถ [e16 ]x
ื 0 0,255,0,255,0,0,0,0,0,0 Thai 53 17 53 ื	# ื [e37 ]
ม 1 0,255,0,255,0,0,0,0,0,0 Thai 54 0 54 ม	# ม [e21 ]x
ู 0 0,255,0,255,0,0,0,0,0,0 Thai 55 17 55 ู	# ู [e39 ]
บ 1 0,255,0,255,0,0,0,0,0,0 Thai 56 0 56 บ	# บ [e1a ]x
แ 1 0,255,0,255,0,0,0,0,0,0 Thai 57 0 57 แ	# แ [e41 ]x
ช 1 0,255,0,255,0,0,0,0,0,0 Thai 58 0 58 ช	# ช [e0a ]x
่ 0 0,255,0,255,0,0,0,0,0,0 Thai 59 17 59 ่	# ่ [e48 ]
ห 1 0,255,0,255,0,0,0,0,0,0 Thai 60 0 60 ห	# ห [e2b ]x
ญ 1 0,255,0,255,0,0,0,0,0,0 Thai 61 0 61 ญ	# ญ [e0d ]x
จ 1 0,255,0,255,0,0,0,0,0,0 Thai 62 0 62 จ	# จ [e08 ]x
ค 1 0,255,0,255,0,0,0,0,0,0 Thai 63 0 63 ค	# ค [e04 ]x
ต 1 0,255,0,255,0,0,0,0,0,0 Thai 64 0 64 ต	# ต [e15 ]x
ฉ 1 0,255,0,255,0,0,0,0,0,0 Thai 65 0 65 ฉ	# ฉ [e09 ]x
ฏ 1 0,255,0,255,0,0,0,0,0,0 Thai 66 0 66 ฏ	# ฏ [e0f ]x
ซ 1 0,255,0,255,0,0,0,0,0,0 Thai 67 0 67 ซ	# ซ [e0b ]x
ใ 1 0,255,0,255,0,0,0,0,0,0 Thai 68 0 68 ใ	# ใ [e43 ]x
๊ 0 0,255,0,255,0,0,0,0,0,0 Thai 69 17 69 ๊	# ๊ [e4a ]
ฟ 1 0,255,0,255,0,0,0,0,0,0 Thai 70 0 70 ฟ	# ฟ [e1f ]x
ํ 0 0,255,0,255,0,0,0,0,0,0 Thai 71 17 71 ํ	# ํ [e4d ]
ณ 1 0,255,0,255,0,0,0,0,0,0 Thai 72 0 72 ณ	# ณ [e13 ]x
ฮ 1 0,255,0,255,0,0,0,0,0,0 Thai 73 0 73 ฮ	# ฮ [e2e ]x
๋ 0 0,255,0,255,0,0,0,0,0,0 Thai 74 17 74 ๋	# ๋ [e4b ]
ฑ 1 0,255,0,255,0,0,0,0,0,0 Thai 75 0 75 ฑ	# ฑ [e11 ]x
ฎ 1 0,255,0,255,0,0,0,0,0,0 Thai 76 0 76 ฎ	# ฎ [e0e ]x
ๆ 1 0,255,0,255,0,0,0,0,0,0 Thai 77 0 77 ๆ	# ๆ [e46 ]x
ฤ 1 0,255,0,255,0,0,0,0,0,0 Thai 78 0 78 ฤ	# ฤ [e24 ]x
ฒ 1 0,255,0,255,0,0,0,0,0,0 Thai 79 0 79 ฒ	# ฒ [e12 ]x
ฝ 1 0,255,0,255,0,0,0,0,0,0 Thai 80 0 80 ฝ	# ฝ [e1d ]x
ฬ 1 0,255,0,255,0,0,0,0,0,0 Thai 81 0 81 ฬ	# ฬ [e2c ]x
ฆ 1 0,255,0,255,0,0,0,0,0,0 Thai 82 0 82 ฆ	# ฆ [e06 ]x
ฯ 1 0,255,0,255,0,0,0,0,0,0 Thai 83 0 83 ฯ	# ฯ [e2f ]x
| 0 0,255,0,255,0,0,0,0,0,0 Common 84 10 84 |	# | [7c ]
/ 10 0,255,0,255,0,0,0,0,0,0 Common 85 6 85 /	# / [2f ]p
[ 10 0,255,0,255,0,0,0,0,0,0 Common 86 10 108 [	# [ [5b ]p
% 10 0,255,0,255,0,0,0,0,0,0 Common 87 4 87 %	# % [25 ]p
= 0 0,255,0,255,0,0,0,0,0,0 Common 88 10 88 =	# = [3d ]
< 0 0,255,0,255,0,0,0,0,0,0 Common 89 10 104 <	# < [3c ]
+ 0 0,255,0,255,0,0,0,0,0,0 Common 90 3 90 +	# + [2b ]
“ 10 0,255,0,255,0,0,0,0,0,0 Common 91 10 91 "	# “ [201c ]p
* 10 0,255,0,255,0,0,0,0,0,0 Common 92 10 92 *	# * [2a ]p
, 10 0,255,0,255,0,0,0,0,0,0 Common 93 6 93 ,	# , [2c ]p
# 10 0,255,0,255,0,0,0,0,0,0 Common 94 4 94 #	# # [23 ]p
) 10 0,255,0,255,0,0,0,0,0,0 Common 95 10 96 )	# ) [29 ]p
( 10 0,255,0,255,0,0,0,0,0,0 Common 96 10 95 (	# ( [28 ]p
« 10 0,255,0,255,0,0,0,0,0,0 Common 97 10 105 «	# « [ab ]p
@ 10 0,255,0,255,0,0,0,0,0,0 Common 98 10 98 @	# @ [40 ]p
- 10 0,255,0,255,0,0,0,0,0,0 Common 99 3 99 -	# - [2d ]p
: 10 0,255,0,255,0,0,0,0,0,0 Common 100 6 100 :	# : [3a ]p
' 10 0,255,0,255,0,0,0,0,0,0 Common 101 10 101 '	# ' [27 ]p
” 10 0,255,0,255,0,0,0,0,0,0 Common 102 10 102 "	# ” [201d ]p
! 10 0,255,0,255,0,0,0,0,0,0 Common 103 10 103 !	# ! [21 ]p
> 0 0,255,0,255,0,0,0,0,0,0 Common 104 10 89 >	# > [3e ]
» 10 0,255,0,255,0,0,0,0,0,0 Common 105 10 97 »	# » [bb ]p
? 10 0,255,0,255,0,0,0,0,0,0 Common 106 10 106 ?	# ? [3f ]p
" 10 0,255,0,255,0,0,0,0,0,0 Common 107 10 107 "	# " [22 ]p
] 10 0,255,0,255,0,0,0,0,0,0 Common 108 10 86 ]	# ] [5d ]p
๔ 8 0,255,0,255,0,0,0,0,0,0 Thai 109 0 109 ๔	# ๔ [e54 ]0
๖ 8 0,255,0,255,0,0,0,0,0,0 Thai 110 0 110 ๖	# ๖ [e56 ]0
๗ 8 0,255,0,255,0,0,0,0,0,0 Thai 111 0 111 ๗	# ๗ [e57 ]0
๘ 8 0,255,0,255,0,0,0,0,0,0 Thai 112 0 112 ๘	# ๘ [e58 ]0
๙ 8 0,255,0,255,0,0,0,0,0,0 Thai 113 0 113 ๙	# ๙ [e59 ]0
